10 0.799050135032
10 0.810962799058
10 0.813584836389
10 0.815114139371
10 0.815660685206
10 0.816511823924
10 0.816765086863
10 0.817458817896
10 0.817888970286
10 0.818523587989
10 0.818995748905
10 0.81951456352
10 0.819828633179
10 0.820485498001
10 0.82078028786
10 0.821517425631
10 0.821993517078
10 0.822172954383
10 0.822847125972
10 0.823198760947
10 0.823213395574
10 0.823586221241
10 0.824073513926
10 0.824509476667
10 0.824948919404
10 0.825238908732
10 0.825801238835
10 0.826083413707
10 0.826483908451
10 0.826646132203
10 0.827306756664
10 0.827619241682
10 0.827650670398
10 0.827848595183
10 0.828238479045
10 0.828594029016
10 0.82901257624
10 0.829046459596
10 0.829416706337
10 0.829623905933
10 0.830001345702
10 0.830211947616
10 0.830688551741
10 0.830880666176
10 0.830972031612
10 0.831414022204
10 0.831643577669
10 0.831828934074
10 0.832123692861
10 0.832367416882
10 0.832582244506
10 0.832807745154
10 0.833272946077
10 0.83355779309
10 0.833531957225
10 0.833866720433
10 0.834158356544
10 0.834265599464
10 0.834652282972
10 0.834774890696
10 0.835021178107
10 0.835153619928
10 0.835382957893
10 0.835897096263
10 0.835615045677
10 0.836065270188
10 0.836285612984
10 0.836666222035
10 0.836990793825
10 0.837283470829
10 0.837137202238
10 0.837509530762
10 0.837603521731
10 0.837852978425
10 0.838076195325
10 0.838322172022
10 0.838466405437
10 0.838749900843
10 0.838980916664
10 0.839052411943
10 0.83931164059
10 0.839399634781
10 0.839608776339
10 0.839933581165
10 0.840051652465
10 0.840508153398
10 0.841026517478
10 0.841109602388
10 0.841403786354
10 0.841435013106
10 0.841467933249
10 0.841905045631
10 0.842143363229
10 0.842357662639
10 0.842535965839
10 0.843048721532
10 0.843036898866
10 0.843290923054
10 0.843411868459
10 0.843514761383
10 0.843989765331
10 0.844101995209
10 0.844357231182
10 0.844559102034
10 0.844925930922
10 0.844928090383
10 0.845307643007
10 0.845459706413
10 0.845548042389
10 0.845810020854
10 0.846165710646
10 0.84640747717
10 0.846593563753
10 0.846709133806
10 0.846985855649
10 0.847222541999
10 0.847580779645
10 0.847601286766
10 0.847792795308
10 0.848187681665
10 0.848339403286
10 0.848603121749
10 0.84882890204
10 0.84900265328
10 0.849334604526
10 0.849769945839
10 0.850190357347
10 0.850406474434
10 0.850611685461
10 0.850665361295
10 0.851024080548
10 0.851122002049
10 0.851477831663
10 0.851698407495
10 0.85206094853
10 0.85234887161
10 0.852666110551
10 0.852700941584
10 0.853196157475
10 0.853557642083
10 0.853828165182
10 0.854083556511
10 0.854479359474
10 0.854726734384
10 0.85493859469
10 0.855153173743
10 0.85541117507
10 0.855784684307
10 0.856048418306
10 0.856282432516
10 0.856632638207
10 0.857101862876
10 0.857271388406
10 0.857725854163
10 0.8577372729
10 0.858183504737
10 0.858435866606
10 0.858914133051
10 0.85899866278
10 0.859377951297
10 0.859630484058
10 0.8599672203
10 0.860333365617
10 0.86065355634
10 0.86100484953
10 0.861353486116
10 0.86155473554
10 0.862145045435
10 0.862398137481
10 0.862723253021
10 0.86326454779
10 0.863367440714
10 0.86387134106
10 0.86398930361
10 0.864354734285
10 0.864988699489
10 0.864975400932
10 0.865340210179
10 0.866069704386
10 0.866260575965
10 0.866552755826
10 0.86688543725
10 0.867099985232
10 0.867475389824
10 0.868022246373
10 0.868285949301
10 0.868751942545
10 0.869190639568
10 0.869457169993
10 0.86990462915
10 0.87024812342
10 0.870607168923
10 0.870870374708
10 0.871234329492
10 0.871632416202
10 0.872209225576
10 0.872532259332
10 0.872899849468
10 0.873140885814
10 0.873552038046
10 0.874016508791
10 0.874447251538
10 0.874906626575
10 0.875301761503
10 0.875700889105
10 0.875949895263
10 0.876323388964
10 0.876653165213
10 0.877207680861
10 0.877608812568
10 0.878029659076
10 0.878379243339
10 0.878764715063
10 0.879163361059
10 0.879569308832
10 0.87995151806
10 0.880482124269
10 0.880873950094
10 0.881267966451
10 0.881776294471
10 0.882071798971
10 0.882420513235
10 0.882749528235
10 0.883249824299
10 0.883670499914
10 0.88400801294
10 0.884347623285
10 0.884696990049
10 0.885108266566
10 0.885472438849
10 0.885955164039
10 0.886277203511
10 0.88663817544
10 0.886997826836
10 0.88733408147
10 0.88779073776
10 0.888077806377
10 0.888472801484
10 0.88886198624
10 0.889258115452
10 0.889663783583
10 0.889916362952
10 0.890370082994
10 0.890551477797
10 0.890959942354
10 0.891485033391
10 0.891726085272
10 0.892082132385
10 0.892520503159
10 0.892774605026
10 0.893047489551
10 0.893447471617
10 0.893753167535
10 0.894123616239
10 0.894533929544
10 0.894756121088
10 0.895178660986
10 0.895444072841
10 0.895660174392
10 0.896009820798
10 0.896229464488
10 0.896589985882
10 0.896860959516
10 0.89711698781
10 0.897453351194
10 0.897688095582
10 0.897946190123
10 0.898349590042
10 0.898570709624
10 0.898904059083
10 0.899133459191
10 0.899356054664
10 0.89975181102
10 0.899931621181
10 0.900171150564
10 0.900292033826
10 0.900620303112
10 0.900909127263
10 0.901135249338
10 0.901346053217
10 0.901551357458
10 0.901793962909
10 0.902062761545
10 0.902252654375
10 0.902301514143
10 0.902568215461
10 0.90274741973
10 0.902903972953
10 0.903177059442
10 0.903274064337
10 0.903525773706
10 0.903763330056
10 0.903888827419
10 0.904009555324
10 0.904218681347
10 0.904326064087
10 0.904450473952
10 0.904594194689
10 0.904784941982
10 0.90489226258
10 0.904907005956
10 0.905022374045
10 0.905161573894
10 0.905305574273
10 0.905462391603
10 0.905608380552
10 0.905716198292
10 0.90587865508
10 0.905911109152
10 0.905913688077
10 0.906096046094
10 0.90613227534
10 0.906204764904
10 0.906247099679
10 0.906423616273
10 0.906451114458
10 0.90644424768
10 0.906445304107
10 0.906613757674
10 0.906582344494
10 0.906622706236
10 0.906691638125
10 0.906698473832
10 0.906694512229
10 0.906825276194
10 0.906923772516
10 0.907003796893
10 0.906905828785
10 0.906935641789
10 0.906935703932
10 0.906978644599
10 0.907044282921
10 0.906999555648
10 0.906992735477
10 0.906943036781
10 0.906869180075
10 0.906936667145
10 0.906895761654
10 0.906915833775
10 0.90688877059
10 0.90685078581
10 0.906864255259
10 0.906858895444
10 0.906777783567
10 0.906785023202
10 0.906790476232
10 0.906757183233
10 0.90678564463
10 0.906713590066
10 0.906569030401
10 0.906601158224
10 0.906614161602
10 0.906455293561
10 0.906491880128
10 0.906440550184
10 0.906344679395
10 0.90626226252
10 0.906180529216
10 0.906145465147
10 0.906163269056
10 0.906078599505
10 0.906028450274
10 0.905961351597
10 0.905859406351
10 0.905803027305
10 0.905726809173
10 0.905682144043
10 0.905618634112
10 0.905476824266
10 0.905478843907
10 0.905389513647
10 0.905291530003
10 0.90529648589
10 0.905173660667
10 0.905114858052
10 0.905053212405
10 0.904954001441
10 0.904915379697
10 0.904813714093
10 0.904714689558
10 0.904633997146
10 0.904527670833
10 0.904440080571
10 0.904337964432
10 0.904228422229
10 0.90418444067
10 0.904068218117
10 0.903950488602
10 0.903868180477
10 0.903781071822
10 0.903720855459
10 0.903609946115
10 0.903549496716
10 0.903469301446
10 0.903392399744
10 0.903344907117
10 0.903313571616
10 0.903232180097
10 0.903025337821
10 0.902954308613
10 0.670626312009
10 0.671483338757
10 0.672178095145
10 0.672673435321
10 0.673223305796
10 0.673452239833
10 0.674147120507
10 0.674628789269
10 0.674940994644
10 0.675322768873
10 0.675860972038
10 0.676506511337
10 0.676824527063
10 0.677140616363
10 0.677724401264
10 0.67827820227
10 0.678556244647
10 0.678853908609
10 0.679148403289
10 0.679603195295
10 0.680143790958
10 0.680359892509
10 0.68091548012
10 0.681206199626
10 0.681396776026
10 0.681721503173
10 0.682341657143
10 0.682779157917
10 0.682974410562
10 0.683170595349
10 0.683586035434
10 0.684076062402
10 0.684312065181
10 0.684187329067
10 0.684538560114
10 0.684962777867
10 0.68525766094
10 0.685775015199
10 0.685922200397
10 0.686489191209
10 0.686530127772
10 0.686745638967
10 0.687043163108
10 0.687541703638
10 0.687727013436
10 0.688031124713
10 0.688346794549
10 0.688880663255
10 0.689025533633
10 0.689334290084
10 0.689720880378
10 0.689827362048
10 0.690126051367
10 0.690519399689
10 0.69059670532
10 0.690794521355
10 0.690960395996
10 0.691534253587
10 0.691760329056
10 0.69220382661
10 0.692404143892
1000 0.838488186485
1000 0.890575791164
1000 0.885391326973
1000 0.885110301743
1000 0.885858842715
1000 0.885258543367
1000 0.885146903846
:q
:q

1000 0.885307045815
1000 0.884866997186
1000 0.885022633802
1000 0.884291042275
1000 0.884396653946
1000 0.884333097408
1000 0.884279033181
1000 0.884953701913
10 0.884817733489
10 0.884851678988
10 0.884847297921
10 0.884916323025
10 0.88485473952
10 0.884833952757
10 0.884870943253
10 0.884849799168
100 0.884736901255
100 0.317867313523
1000 0.715811639363

100 0.5 total100 0.5
1000 0.774402921979
1000 0.347208280228
2000 0.854375441194
